1449646808402 427.0 72.0
1449646808402 431.0 138.0
1449646808402 472.0 239.0
1449646808402 563.0 321.0
1449646808402 677.0 383.0
1449646808402 774.0 428.0
1449646808402 839.0 453.0
1449646808402 898.0 455.0
1449646808402 973.0 434.0
1449646808402 1053.0 398.0
1449646808402 1121.0 356.0
1449646808402 1179.0 340.0
1449646808402 1253.0 344.0
1449646808402 1313.0 378.0
1449646808402 1337.0 422.0
1449646808402 1315.0 483.0
1449646808402 1268.0 537.0
1449646808402 1211.0 563.0
1449646808402 1134.0 548.0
1449646808402 1044.0 504.0
1449646808402 951.0 458.0
1449646808402 860.0 425.0
1449646808402 775.0 413.0
1449646808402 700.0 416.0
1449646808402 643.0 434.0
1449646808402 602.0 459.0
1449646808402 593.0 491.0
1449646808402 605.0 521.0
1449646808402 649.0 551.0
1449646808402 751.0 572.0
1449646808402 905.0 605.0
1449646808402 1085.0 662.0
1449646808402 1269.0 737.0
1449646808402 1423.0 797.0
1449646808402 1518.0 821.0
1449646808402 1568.0 830.0
1449646808402 1584.0 822.0
1449646808402 1588.0 806.0
1449646808402 1587.0 800.0
1449646808402 1587.0 800.0
